0513  6.91000E+02
0515  5.97930E+04
0516  0.00000E+00
0517  0.00000E+00
0518  0.00000E+00
0519  7.82595E+00
0520  2.80986E+02
0521  7.82596E+00
0522  7.94387E+00
0523  2.81104E+02
0524  7.94388E+00
0525  2.79933E+02
0526  1.00028E+00
0527  2.79931E+02
0528  1.25628E+00
0529 -7.99507E+01
0530  1.16071E-03
0531  1.25628E+00
0532  7.12518E-04
0533  7.12519E-04
0534  8.95122E-04
0535  0.00000E+00
0536  1.92266E+01
0537 -5.00218E+01
0538  6.67494E+01
0539  5.35196E+01
0540  1.61908E+03
0541  6.12827E+00
0542  1.09346E+01
0543  1.60794E+03
0545  0.00000E+00
0546  1.09721E+04
0547  4.71035E+00
0548  6.05300E+00
0549  5.00000E-03
0551  5.18119E+00
0552  6.66643E+01
0553  2.61000E+02
0554  5.60961E+01
0555  6.55350E+04
0556  1.11858E+01
0557 -1.16272E-06
0558 -1.16272E-06
0559  1.16272E-06
0560 -5.49316E-03
0561 -5.49316E-03
0562  3.59995E+02
0563  1.64433E-06
0564  1.35005E+02
0565 -2.19727E-02
0566 -2.19727E-02
0567  1.61263E-02
0568 -3.18677E-03
0569 -1.17149E-02
0570  1.64382E-02
0571  1.68822E+02
0572  0.00000E+00
0573  6.28034E+03
0574 -6.35010E-01
0575  0.00000E+00
0576  1.01325E+03
0577  0.00000E+00
0578  0.00000E+00
0579  0.00000E+00
0580  9.18100E-02
0581  2.04310E-01
0582 -3.63295E-01
0583 -4.80633E+00
0584  1.32298E+01
0585 -1.11436E+01
0586  8.01799E-01
0587  1.78429E+00
0588  4.20847E-01
0589  2.79836E+02
0590  9.99000E+01
0591  0.00000E+00
0592  9.80580E+02
0593 -8.08667E-01
0594  9.16972E-01
0595 -2.74072E-01
0596 -3.43059E+00
0597 -1.12689E+00
0598  9.80639E+02
0599  0.00000E+00
0600  0.00000E+00
0601 -8.08667E-01
0605 -5.33609E-08
0606 -8.38190E-08
0607  5.20729E+01
0608 -6.24949E-01
0609  9.13750E+01
0610  0.00000E+00
0611 -4.98070E+01
0612  0.00000E+00
0613  1.04856E+02
0614  1.04856E+02
0619  9.80730E+02
0620  1.35075E+03
0621  4.50032E+02
0622  4.05552E+04
0623  3.87299E+04
0624  4.17652E+04
0625  4.03473E+04
0626  4.17652E+04
0627  4.32330E+04
0628  1.31070E+02
0629  1.63838E+04
0630  2.62139E+04
0631  6.55350E+04
0632  1.31070E+05
0633  1.31070E+05
0634  0.00000E+00
0635  0.00000E+00
0636  0.00000E+00
0637  0.00000E+00
0638  0.00000E+00
0639  0.00000E+00
0640  0.00000E+00
0641  0.00000E+00
0642  0.00000E+00
0643  0.00000E+00
0644  0.00000E+00
0645  0.00000E+00
0646  0.00000E+00
0647  0.00000E+00
0648  0.00000E+00
0649  0.00000E+00
0650  0.00000E+00
0651  0.00000E+00
0652  0.00000E+00
0653  0.00000E+00
0654  0.00000E+00
0655  2.71024E+02
0656  0.00000E+00
0657 -1.03191E+01
0658 -9.95810E+00
0659 -2.08434E+01
0660  0.00000E+00
0661  0.00000E+00
0662  5.20729E+01
0663 -6.24967E-01
0664  1.49715E+02
0665  1.55391E-02
0666 -3.91158E-03
0667  1.13300E-02
0668  1.86882E+00
0669 -1.15121E-01
0670  3.20940E+02
0671  6.79603E-01
0672  3.45871E+02
0673  1.60239E-02
0674 -2.03439E-03
0675 -1.42371E-03
0676  3.45038E-03
0677 -2.95116E-03
0678  2.91650E-04
0679 -2.72766E-02
0680 -2.08622E-01
